      t[s]       x[m]     v[m/s]        DE          Em  v0
0      0.1   3.397000   3.970000  0.000879    8.457430   4
1      0.2   3.790603   3.936030  0.001728    8.464600   4
2      0.3   4.180415   3.898124  0.002542    8.471479   4
3      0.4   4.566047   3.856320  0.003318    8.478041   4
4      0.5   4.947113   3.810659  0.004054    8.484259   4
..     ...        ...        ...       ...         ...  ..
995   99.6  -4.754261 -30.016108  0.002583  451.613522 -30
996   99.7  -7.751118 -29.968565  0.003577  452.061449 -30
997   99.8 -10.740223 -29.891054  0.004563  452.505183 -30
998   99.9 -13.718588 -29.783652  0.005534  452.942948 -30
999  100.0 -16.683235 -29.646466  0.006489  453.372995 -30

[7000 rows x 6 columns]
