# t[s], x[m], v[m/s], DE 
0.100000 3.397000 3.970000 0.000879 8.457431 
0.200000 3.790603 3.936030 0.001728 8.464600 
0.300000 4.180416 3.898124 0.002542 8.471479 
0.400000 4.566048 3.856320 0.003319 8.478042 
0.500000 4.947114 3.810659 0.004054 8.484260 
0.600000 5.323232 3.761188 0.004747 8.490108 
0.700000 5.694028 3.707956 0.005392 8.495566 
0.800000 6.059129 3.651016 0.005989 8.500609 
0.900000 6.418172 3.590424 0.006535 8.505219 
1.000000 6.770796 3.526242 0.007027 8.509377 
1.100000 7.116650 3.458534 0.007463 8.513065 
1.200000 7.455387 3.387368 0.007843 8.516271 
1.300000 7.786668 3.312814 0.008163 8.518978 
1.400000 8.110163 3.234947 0.008424 8.521179 
1.500000 8.425548 3.153846 0.008623 8.522863 
1.600000 8.732507 3.069590 0.008760 8.524025 
1.700000 9.030733 2.982265 0.008835 8.524659 
1.800000 9.319929 2.891958 0.008848 8.524764 
1.900000 9.599805 2.798759 0.008797 8.524338 
2.000000 9.870081 2.702760 0.008684 8.523382 
2.100000 10.130486 2.604060 0.008509 8.521901 
2.200000 10.380762 2.502755 0.008272 8.519902 
2.300000 10.620657 2.398947 0.007975 8.517392 
2.400000 10.849931 2.292741 0.007619 8.514380 
2.500000 11.068355 2.184241 0.007205 8.510879 
2.600000 11.275710 2.073558 0.006734 8.506903 
2.700000 11.471790 1.960801 0.006209 8.502468 
2.799999 11.656399 1.846083 0.005632 8.497593 
2.899999 11.829350 1.729519 0.005005 8.492294 
2.999999 11.990473 1.611225 0.004331 8.486595 
3.099999 12.139605 1.491321 0.003612 8.480518 
3.199999 12.276597 1.369925 0.002851 8.474089 
3.299999 12.401313 1.247159 0.002051 8.467330 
3.399999 12.513627 1.123145 0.001216 8.460271 
3.499999 12.613428 0.998009 0.000348 8.452940 
3.599999 12.700616 0.871875 -0.000549 8.445365 
3.699999 12.775103 0.744869 -0.001470 8.437577 
3.799999 12.836814 0.617118 -0.002413 8.429606 
3.899998 12.885689 0.488749 -0.003374 8.421487 
3.999998 12.921678 0.359893 -0.004349 8.413249 
4.099998 12.944745 0.230676 -0.005334 8.404927 
4.199998 12.954868 0.101228 -0.006325 8.396554 
4.299998 12.952036 -0.028320 -0.007318 8.388163 
4.399998 12.936252 -0.157841 -0.008309 8.379787 
4.499998 12.907532 -0.287203 -0.009294 8.371462 
4.599998 12.865904 -0.416279 -0.010270 8.363218 
4.699998 12.811410 -0.544938 -0.011232 8.355090 
4.799998 12.744104 -0.673052 -0.012176 8.347109 
4.899998 12.664055 -0.800493 -0.013100 8.339309 
4.999998 12.571342 -0.927133 -0.013998 8.331719 
5.099998 12.466057 -1.052847 -0.014867 8.324372 
5.199997 12.348306 -1.177507 -0.015705 8.317295 
5.299997 12.218206 -1.300990 -0.016507 8.310516 
5.399997 12.075890 -1.423172 -0.017270 8.304066 
5.499997 11.921496 -1.543931 -0.017992 8.297966 
5.599997 11.755181 -1.663146 -0.018670 8.292242 
5.699997 11.577111 -1.780698 -0.019300 8.286919 
5.799997 11.387465 -1.896469 -0.019880 8.282016 
5.899997 11.186430 -2.010344 -0.020408 8.277553 
5.999997 10.974209 -2.122208 -0.020882 8.273547 
6.099997 10.751014 -2.231951 -0.021300 8.270017 
6.199996 10.517068 -2.339461 -0.021660 8.266973 
6.299996 10.272605 -2.444631 -0.021961 8.264432 
6.399996 10.017869 -2.547357 -0.022201 8.262400 
6.499996 9.753116 -2.647536 -0.022380 8.260887 
6.599996 9.478609 -2.745067 -0.022497 8.259898 
6.699996 9.194624 -2.839853 -0.022552 8.259439 
6.799996 8.901444 -2.931799 -0.022543 8.259510 
6.899996 8.599363 -3.020814 -0.022472 8.260111 
6.999996 8.288683 -3.106807 -0.022338 8.261240 
7.099996 7.969714 -3.189694 -0.022143 8.262892 
7.199996 7.642775 -3.269392 -0.021886 8.265060 
7.299995 7.308193 -3.345819 -0.021570 8.267737 
7.399995 6.966302 -3.418901 -0.021194 8.270911 
7.499995 6.617446 -3.488564 -0.020761 8.274570 
7.599995 6.261972 -3.554739 -0.020272 8.278699 
7.699995 5.900236 -3.617358 -0.019730 8.283280 
7.799995 5.532600 -3.676361 -0.019136 8.288298 
7.899995 5.159431 -3.731687 -0.018493 8.293730 
7.999995 4.781103 -3.783281 -0.017804 8.299555 
8.099995 4.397994 -3.831092 -0.017071 8.305751 
8.199995 4.010487 -3.875072 -0.016297 8.312292 
8.299995 3.618969 -3.915177 -0.015485 8.319152 
8.399996 3.223832 -3.951367 -0.014639 8.326304 
8.499996 2.825472 -3.983605 -0.013761 8.333718 
8.599997 2.424286 -4.011859 -0.012856 8.341366 
8.699997 2.020676 -4.036102 -0.011927 8.349217 
8.799997 1.615045 -4.056309 -0.010977 8.357241 
8.899998 1.207799 -4.072460 -0.010011 8.365403 
8.999998 0.799345 -4.084538 -0.009033 8.373671 
9.099998 0.390092 -4.092531 -0.008046 8.382012 
9.199999 -0.019551 -4.096432 -0.007054 8.390395 
9.299999 -0.429175 -4.096236 -0.006061 8.398786 
9.400000 -0.838369 -4.091945 -0.005071 8.407149 
9.500000 -1.246725 -4.083561 -0.004089 8.415451 
9.600000 -1.653835 -4.071094 -0.003117 8.423660 
9.700001 -2.059290 -4.054555 -0.002160 8.431744 
9.800001 -2.462687 -4.033963 -0.001223 8.439669 
9.900002 -2.863620 -4.009336 -0.000307 8.447404 
10.000002 -3.261690 -3.980700 0.000582 8.454917 
10.100002 -3.656498 -3.948083 0.001441 8.462178 
10.200003 -4.047650 -3.911518 0.002267 8.469160 
10.300003 -4.434754 -3.871041 0.003057 8.475833 
10.400003 -4.817424 -3.826694 0.003807 8.482171 
10.500004 -5.195276 -3.778520 0.004515 8.488150 
10.600004 -5.567933 -3.726567 0.005177 8.493744 
10.700005 -5.935021 -3.670887 0.005791 8.498931 
10.800005 -6.296175 -3.611537 0.006354 8.503692 
10.900005 -6.651032 -3.548575 0.006865 8.508005 
11.000006 -6.999239 -3.482065 0.007320 8.511855 
11.100006 -7.340446 -3.412073 0.007719 8.515227 
11.200006 -7.674313 -3.338668 0.008060 8.518106 
11.300007 -8.000505 -3.261925 0.008341 8.520482 
11.400007 -8.318697 -3.181920 0.008561 8.522343 
11.500008 -8.628571 -3.098733 0.008720 8.523685 
11.600008 -8.929815 -3.012447 0.008817 8.524500 
11.700008 -9.222130 -2.923149 0.008850 8.524784 
11.800009 -9.505222 -2.830928 0.008821 8.524539 
11.900009 -9.778810 -2.735876 0.008729 8.523764 
12.000010 -10.042619 -2.638088 0.008576 8.522463 
12.100010 -10.296385 -2.537661 0.008360 8.520639 
12.200010 -10.539855 -2.434697 0.008083 8.518303 
12.300011 -10.772785 -2.329299 0.007747 8.515461 
12.400011 -10.994943 -2.221571 0.007352 8.512127 
12.500011 -11.206105 -2.111622 0.006901 8.508313 
12.600012 -11.406061 -1.999561 0.006394 8.504033 
12.700012 -11.594611 -1.885500 0.005835 8.499306 
12.800013 -11.771566 -1.769554 0.005225 8.494149 
12.900013 -11.936750 -1.651838 0.004566 8.488585 
13.000013 -12.089997 -1.532471 0.003862 8.482635 
13.100014 -12.231154 -1.411571 0.003115 8.476323 
13.200014 -12.360081 -1.289259 0.002328 8.469674 
13.300014 -12.476646 -1.165658 0.001505 8.462715 
13.400015 -12.580735 -1.040892 0.000648 8.455473 
13.500015 -12.672244 -0.915085 -0.000239 8.447978 
13.600016 -12.751081 -0.788362 -0.001153 8.440260 
13.700016 -12.817165 -0.660851 -0.002089 8.432348 
13.800016 -12.870434 -0.532680 -0.003044 8.424277 
13.900017 -12.910831 -0.403975 -0.004015 8.416077 
14.000017 -12.938318 -0.274867 -0.004996 8.407780 
14.100018 -12.952867 -0.145484 -0.005986 8.399421 
14.200018 -12.954462 -0.015955 -0.006978 8.391032 
14.300018 -12.943103 0.113590 -0.007971 8.382647 
14.400019 -12.918800 0.243021 -0.008959 8.374300 
14.500019 -12.881579 0.372209 -0.009938 8.366024 
14.600019 -12.831477 0.501024 -0.010905 8.357853 
14.700020 -12.768543 0.629339 -0.011856 8.349819 
14.800020 -12.692841 0.757025 -0.012787 8.341953 
14.900021 -12.604445 0.883953 -0.013694 8.334289 
15.000021 -12.503446 1.009998 -0.014573 8.326856 
15.100021 -12.389942 1.135032 -0.015422 8.319682 
15.200022 -12.264049 1.258932 -0.016237 8.312799 
15.300022 -12.125892 1.381572 -0.017014 8.306233 
15.400023 -11.975609 1.502831 -0.017750 8.300011 
15.500023 -11.813350 1.622587 -0.018443 8.294156 
15.600023 -11.639277 1.740721 -0.019090 8.288693 
15.700024 -11.453567 1.857113 -0.019687 8.283645 
15.800024 -11.256402 1.971649 -0.020233 8.279030 
15.900024 -11.047980 2.084213 -0.020726 8.274865 
16.000025 -10.828511 2.194693 -0.021163 8.271172 
16.100025 -10.598213 2.302978 -0.021543 8.267961 
16.200026 -10.357317 2.408960 -0.021864 8.265245 
16.300026 -10.106064 2.512533 -0.022126 8.263038 
16.400026 -9.844705 2.613594 -0.022326 8.261347 
16.500027 -9.573501 2.712041 -0.022464 8.260179 
16.600027 -9.292723 2.807776 -0.022540 8.259538 
16.700027 -9.002652 2.900703 -0.022553 8.259427 
16.800028 -8.703579 2.990730 -0.022503 8.259847 
16.900028 -8.395802 3.077766 -0.022391 8.260796 
17.000029 -8.079630 3.161724 -0.022217 8.262269 
17.100029 -7.755378 3.242520 -0.021981 8.264262 
17.200029 -7.423370 3.320074 -0.021685 8.266766 
17.300030 -7.083940 3.394307 -0.021329 8.269772 
17.400030 -6.737425 3.465147 -0.020915 8.273266 
17.500031 -6.384173 3.532521 -0.020445 8.277236 
17.600031 -6.024537 3.596363 -0.019921 8.281665 
17.700031 -5.658876 3.656608 -0.019345 8.286535 
17.800032 -5.287556 3.713197 -0.018719 8.291827 
17.900032 -4.910949 3.766072 -0.018045 8.297521 
18.000032 -4.529430 3.815182 -0.017326 8.303593 
18.100033 -4.143383 3.860476 -0.016566 8.310019 
18.200033 -3.753192 3.901910 -0.015767 8.316772 
18.300034 -3.359248 3.939442 -0.014932 8.323828 
18.400034 -2.961944 3.973034 -0.014064 8.331156 
18.500034 -2.561679 4.002654 -0.013168 8.338728 
18.600035 -2.158852 4.028270 -0.012247 8.346513 
18.700035 -1.753866 4.049859 -0.011304 8.354480 
18.800035 -1.347126 4.067397 -0.010343 8.362597 
18.900036 -0.939039 4.080868 -0.009369 8.370832 
19.000036 -0.530014 4.090259 -0.008384 8.379153 
19.100037 -0.120458 4.095559 -0.007393 8.387526 
19.200037 0.289219 4.096763 -0.006400 8.395916 
19.300037 0.698606 4.093871 -0.005409 8.404293 
19.400038 1.107294 4.086885 -0.004424 8.412620 
19.500038 1.514876 4.075812 -0.003448 8.420863 
19.600039 1.920942 4.060663 -0.002486 8.428994 
19.700039 2.325087 4.041454 -0.001541 8.436976 
19.800039 2.726907 4.018203 -0.000618 8.444778 
19.900040 3.126001 3.990934 0.000280 8.452370 
20.000040 3.521968 3.959674 0.001150 8.459721 
20.100040 3.914414 3.924454 0.001988 8.466802 
20.200041 4.302945 3.885310 0.002791 8.473583 
20.300041 4.687173 3.842280 0.003555 8.480039 
20.400042 5.066714 3.795409 0.004277 8.486143 
20.500042 5.441188 3.744742 0.004955 8.491872 
20.600042 5.810221 3.690330 0.005586 8.497200 
20.700043 6.173443 3.632228 0.006167 8.502109 
20.800043 6.530493 3.570493 0.006696 8.506577 
20.900043 6.881011 3.505188 0.007170 8.510589 
21.000044 7.224649 3.436378 0.007589 8.514125 
21.100044 7.561063 3.364131 0.007950 8.517174 
21.200045 7.889915 3.288521 0.008251 8.519723 
21.300045 8.210877 3.209622 0.008492 8.521761 
21.400045 8.523628 3.127513 0.008672 8.523280 
21.500046 8.827856 3.042277 0.008790 8.524276 
21.600046 9.123256 2.953998 0.008845 8.524742 
21.700047 9.409533 2.862766 0.008838 8.524678 
21.800047 9.686399 2.768670 0.008767 8.524084 
21.900047 9.953580 2.671806 0.008635 8.522963 
22.000048 10.210807 2.572271 0.008440 8.521317 
22.100048 10.457823 2.470163 0.008184 8.519155 
22.200048 10.694382 2.365584 0.007868 8.516485 
22.300049 10.920246 2.258641 0.007493 8.513317 
22.400049 11.135190 2.149438 0.007061 8.509665 
22.500050 11.338999 2.038086 0.006573 8.505543 
22.600050 11.531468 1.924696 0.006032 8.500966 
22.700050 11.712406 1.809381 0.005438 8.495954 
22.800051 11.881632 1.692257 0.004796 8.490526 
22.900051 12.038976 1.573441 0.004107 8.484705 
23.000051 12.184280 1.453051 0.003374 8.478514 
23.100052 12.317401 1.331208 0.002601 8.471976 
23.200052 12.438205 1.208035 0.001789 8.465120 
23.300053 12.546570 1.083652 0.000944 8.457973 
23.400053 12.642388 0.958187 0.000066 8.450561 
23.500053 12.725565 0.831763 -0.000838 8.442915 
23.600054 12.796016 0.704507 -0.001767 8.435066 
23.700054 12.853670 0.576547 -0.002717 8.427045 
23.800055 12.898471 0.448010 -0.003682 8.418884 
23.900055 12.930373 0.319026 -0.004661 8.410616 
24.000055 12.949346 0.189722 -0.005648 8.402275 
24.100056 12.955368 0.060228 -0.006640 8.393892 
24.200056 12.948436 -0.069325 -0.007633 8.385503 
24.300056 12.928555 -0.198810 -0.008623 8.377139 
24.400057 12.895745 -0.328095 -0.009605 8.368835 
24.500057 12.850040 -0.457053 -0.010577 8.360625 
24.600058 12.791485 -0.585553 -0.011534 8.352540 
24.700058 12.720138 -0.713468 -0.012472 8.344613 
24.800058 12.636070 -0.840669 -0.013387 8.336876 
24.900059 12.539368 -0.967030 -0.014277 8.329361 
25.000059 12.430125 -1.092424 -0.015137 8.322096 
25.100060 12.308453 -1.216725 -0.015963 8.315110 
25.200060 12.174472 -1.339809 -0.016754 8.308433 
25.300060 12.028316 -1.461554 -0.017504 8.302091 
25.400061 11.870132 -1.581837 -0.018212 8.296107 
25.500061 11.700079 -1.700539 -0.018875 8.290508 
25.600061 11.518325 -1.817539 -0.019489 8.285316 
25.700062 11.325052 -1.932723 -0.020053 8.280549 
25.800062 11.120455 -2.045973 -0.020565 8.276229 
25.900063 10.904737 -2.157178 -0.021021 8.272373 
26.000063 10.678115 -2.266225 -0.021421 8.268995 
26.100063 10.440814 -2.373007 -0.021762 8.266110 
26.200064 10.193072 -2.477415 -0.022044 8.263728 
26.300064 9.935138 -2.579345 -0.022265 8.261859 
26.400064 9.667268 -2.678697 -0.022425 8.260511 
26.500065 9.389730 -2.775369 -0.022522 8.259689 
26.600065 9.102804 -2.869267 -0.022556 8.259398 
26.700066 8.806775 -2.960295 -0.022528 8.259637 
26.800066 8.501939 -3.048362 -0.022437 8.260406 
26.900066 8.188601 -3.133382 -0.022284 8.261700 
27.000067 7.867074 -3.215268 -0.022069 8.263516 
27.100067 7.537680 -3.293939 -0.021793 8.265846 
27.200068 7.200748 -3.369315 -0.021458 8.268682 
27.300068 6.856616 -3.441323 -0.021064 8.272010 
27.400068 6.505627 -3.509889 -0.020613 8.275819 
27.500069 6.148132 -3.574945 -0.020107 8.280093 
27.600069 5.784490 -3.636426 -0.019549 8.284815 
27.700069 5.415062 -3.694271 -0.018939 8.289966 
27.800070 5.040220 -3.748422 -0.018281 8.295525 
27.900070 4.660338 -3.798824 -0.017578 8.301470 
28.000071 4.275795 -3.845428 -0.016831 8.307777 
28.100071 3.886976 -3.888186 -0.016045 8.314423 
28.200071 3.494271 -3.927055 -0.015221 8.321379 
28.300072 3.098071 -3.961998 -0.014365 8.328616 
28.400072 2.698773 -3.992979 -0.013478 8.336109 
28.500072 2.296777 -4.019967 -0.012565 8.343825 
28.600073 1.892483 -4.042934 -0.011629 8.351734 
28.700073 1.486297 -4.061859 -0.010674 8.359804 
28.800074 1.078625 -4.076722 -0.009704 8.368003 
28.900074 0.669874 -4.087508 -0.008722 8.376298 
29.000074 0.260454 -4.094207 -0.007733 8.384657 
29.100075 -0.149227 -4.096811 -0.006740 8.393044 
29.200075 -0.558759 -4.095319 -0.005748 8.401428 
29.300076 -0.967732 -4.089731 -0.004760 8.409776 
29.400076 -1.375738 -4.080054 -0.003781 8.418053 
29.500076 -1.782367 -4.066297 -0.002814 8.426226 
29.600077 -2.187215 -4.048473 -0.001863 8.434261 
29.700077 -2.589875 -4.026601 -0.000931 8.442130 
29.800077 -2.989945 -4.000702 -0.000024 8.449797 
29.900078 -3.387025 -3.970803 0.000856 8.457233 
30.000078 -3.780719 -3.936932 0.001705 8.464410 
30.100079 -4.170631 -3.899125 0.002520 8.471296 
30.200079 -4.556373 -3.857419 0.003298 8.477866 
30.300079 -4.937558 -3.811855 0.004035 8.484094 
30.400080 -5.313806 -3.762480 0.004728 8.489953 
30.500080 -5.684740 -3.709342 0.005375 8.495420 
30.600080 -6.049990 -3.652494 0.005974 8.500476 
30.700081 -6.409189 -3.591994 0.006520 8.505096 
30.800081 -6.761980 -3.527902 0.007014 8.509266 
30.900082 -7.108008 -3.460283 0.007452 8.512966 
31.000082 -7.446928 -3.389203 0.007832 8.516184 
31.100082 -7.778401 -3.314733 0.008154 8.518905 
31.200083 -8.102097 -3.236949 0.008416 8.521118 
31.300083 -8.417689 -3.155928 0.008617 8.522816 
31.400084 -8.724864 -3.071751 0.008756 8.523991 
31.500084 -9.023314 -2.984503 0.008833 8.524639 
31.600084 -9.312741 -2.894270 0.008847 8.524756 
31.700085 -9.592855 -2.801142 0.008798 8.524343 
31.800085 -9.863377 -2.705214 0.008686 8.523400 
31.900085 -10.124035 -2.606580 0.008513 8.521934 
32.000084 -10.374569 -2.505339 0.008278 8.519947 
32.100082 -10.614728 -2.401594 0.007982 8.517448 
32.200081 -10.844273 -2.295446 0.007627 8.514449 
32.300079 -11.062973 -2.187004 0.007214 8.510962 
32.400078 -11.270611 -2.076374 0.006745 8.506998 
32.500076 -11.466977 -1.963668 0.006222 8.502574 
32.600075 -11.651876 -1.848998 0.005646 8.497708 
32.700073 -11.825125 -1.732479 0.005020 8.492421 
32.800072 -11.986547 -1.614228 0.004347 8.486732 
32.900070 -12.135983 -1.494363 0.003629 8.480664 
33.000069 -12.273284 -1.373003 0.002869 8.474243 
33.100067 -12.398311 -1.250270 0.002070 8.467493 
33.200066 -12.510940 -1.126287 0.001236 8.460442 
33.300064 -12.611057 -1.001177 0.000369 8.453116 
33.400063 -12.698564 -0.875067 -0.000527 8.445547 
33.500061 -12.773372 -0.748081 -0.001448 8.437764 
33.600060 -12.835406 -0.620347 -0.002391 8.429798 
33.700058 -12.884605 -0.491993 -0.003351 8.421681 
33.800056 -12.920920 -0.363147 -0.004326 8.413447 
33.900055 -12.944314 -0.233938 -0.005310 8.405127 
34.000053 -12.954763 -0.104495 -0.006301 8.396754 
34.100052 -12.952258 0.025053 -0.007294 8.388364 
34.200050 -12.936801 0.154575 -0.008285 8.379988 
34.300049 -12.908406 0.283943 -0.009271 8.371659 
34.400047 -12.867104 0.413027 -0.010247 8.363414 
34.500046 -12.812934 0.541698 -0.011209 8.355283 
34.600044 -12.745951 0.669828 -0.012154 8.347298 
34.700043 -12.666222 0.797287 -0.013078 8.339492 
34.800041 -12.573827 0.923950 -0.013977 8.331898 
34.900040 -12.468858 1.049688 -0.014847 8.324543 
35.000038 -12.351420 1.174376 -0.015685 8.317459 
35.100037 -12.221631 1.297891 -0.016488 8.310674 
35.200035 -12.079620 1.420107 -0.017253 8.304214 
35.300034 -11.925530 1.540903 -0.017976 8.298105 
35.400032 -11.759515 1.660159 -0.018654 8.292373 
35.500031 -11.581739 1.777754 -0.019285 8.287039 
35.600029 -11.392383 1.893571 -0.019867 8.282125 
35.700027 -11.191633 2.007495 -0.020396 8.277651 
35.800026 -10.979692 2.119411 -0.020872 8.273634 
35.900024 -10.756772 2.229208 -0.021291 8.270092 
36.000023 -10.523094 2.336776 -0.021652 8.267036 
36.100021 -10.278893 2.442007 -0.021955 8.264482 
36.200020 -10.024414 2.544796 -0.022197 8.262437 
36.300018 -9.759910 2.645040 -0.022377 8.260910 
36.400017 -9.485645 2.742639 -0.022496 8.259908 
36.500015 -9.201896 2.837496 -0.022552 8.259435 
36.600014 -8.908944 2.929514 -0.022545 8.259492 
36.700012 -8.607083 3.018604 -0.022476 8.260078 
36.800011 -8.296616 3.104675 -0.022344 8.261193 
36.900009 -7.977851 3.187641 -0.022150 8.262833 
37.000008 -7.651110 3.267419 -0.021895 8.264988 
37.100006 -7.316717 3.343930 -0.021580 8.267652 
37.200005 -6.975007 3.417097 -0.021206 8.270813 
37.300003 -6.626322 3.486847 -0.020774 8.274460 
37.400002 -6.271011 3.553111 -0.020287 8.278577 
37.500000 -5.909429 3.615821 -0.019746 8.283147 
37.599998 -5.541938 3.674915 -0.019153 8.288154 
37.699997 -5.168904 3.730334 -0.018512 8.293575 
37.799995 -4.790702 3.782023 -0.017823 8.299392 
37.899994 -4.407709 3.829931 -0.017091 8.305579 
37.999992 -4.020308 3.874008 -0.016318 8.312112 
38.099991 -3.628887 3.914211 -0.015507 8.318964 
38.199989 -3.233837 3.950500 -0.014662 8.326109 
38.299988 -2.835553 3.982838 -0.013785 8.333518 
38.399986 -2.434434 4.011194 -0.012880 8.341161 
38.499985 -2.030880 4.035538 -0.011952 8.349008 
38.599983 -1.625295 4.055847 -0.011003 8.357027 
38.699982 -1.218085 4.072100 -0.010037 8.365187 
38.799980 -0.809657 4.084281 -0.009059 8.373453 
38.899979 -0.400419 4.092378 -0.008072 8.381794 
38.999977 0.009219 4.096382 -0.007080 8.390176 
39.099976 0.418848 4.096290 -0.006087 8.398566 
39.199974 0.828058 4.092101 -0.005097 8.406930 
39.299973 1.236440 4.083820 -0.004114 8.415234 
39.399971 1.643585 4.071456 -0.003142 8.423446 
39.499969 2.049088 4.055020 -0.002185 8.431533 
39.599968 2.452540 4.034530 -0.001247 8.439463 
39.699966 2.853541 4.010004 -0.000331 8.447201 
39.799965 3.251688 3.981469 0.000559 8.454720 
39.899963 3.646583 3.948952 0.001419 8.461988 
39.999962 4.037831 3.912486 0.002246 8.468977 
40.099960 4.425042 3.872108 0.003037 8.475658 
40.199959 4.807828 3.827857 0.003788 8.482005 
40.299957 5.185806 3.779779 0.004496 8.487992 
40.399956 5.558598 3.727921 0.005159 8.493597 
40.499954 5.925831 3.672335 0.005775 8.498795 
40.599953 6.287139 3.613076 0.006339 8.503567 
40.699951 6.642159 3.550205 0.006851 8.507892 
40.799950 6.990538 3.483783 0.007308 8.511755 
40.899948 7.331925 3.413878 0.007709 8.515139 
40.999947 7.665981 3.340559 0.008051 8.518031 
41.099945 7.992371 3.263899 0.008334 8.520418 
41.199944 8.310769 3.183975 0.008556 8.522294 
41.299942 8.620856 3.100868 0.008716 8.523648 
41.399940 8.922322 3.014659 0.008814 8.524477 
41.499939 9.214866 2.925436 0.008849 8.524776 
41.599937 9.498195 2.833287 0.008822 8.524544 
41.699936 9.772025 2.738306 0.008732 8.523783 
41.799934 10.036083 2.640585 0.008579 8.522494 
41.899933 10.290106 2.540225 0.008365 8.520684 
41.999931 10.533838 2.437324 0.008090 8.518360 
42.099930 10.767036 2.331985 0.007755 8.515532 
42.199928 10.989468 2.224315 0.007362 8.512209 
42.299927 11.200910 2.114420 0.006912 8.508406 
42.399925 11.401151 2.002411 0.006407 8.504137 
42.499924 11.589991 1.888400 0.005849 8.499421 
42.599922 11.767241 1.772500 0.005240 8.494275 
42.699921 11.932723 1.654827 0.004582 8.488721 
42.799919 12.086273 1.535500 0.003879 8.482780 
42.899918 12.227736 1.414637 0.003133 8.476477 
42.999916 12.356973 1.292360 0.002348 8.469836 
43.099915 12.473852 1.168790 0.001525 8.462885 
43.199913 12.578258 1.044052 0.000669 8.455650 
43.299911 12.670084 0.918269 -0.000218 8.448160 
43.399910 12.749241 0.791568 -0.001130 8.440448 
43.499908 12.815648 0.664076 -0.002066 8.432540 
43.599907 12.869240 0.535919 -0.003021 8.424472 
43.699905 12.909963 0.407227 -0.003991 8.416274 
43.799904 12.937776 0.278127 -0.004973 8.407979 
43.899902 12.952651 0.148749 -0.005962 8.399622 
43.999901 12.954574 0.019223 -0.006955 8.391233 
44.099899 12.943542 -0.110323 -0.007947 8.382849 
44.199898 12.919566 -0.239758 -0.008935 8.374501 
44.299896 12.882670 -0.368954 -0.009914 8.366223 
44.399895 12.832892 -0.497781 -0.010882 8.358049 
44.499893 12.770282 -0.626110 -0.011833 8.350012 
44.599892 12.694901 -0.753812 -0.012764 8.342141 
44.699890 12.606824 -0.880761 -0.013672 8.334471 
44.799889 12.506141 -1.006830 -0.014553 8.327031 
44.899887 12.392952 -1.131891 -0.015402 8.319852 
44.999886 12.267370 -1.255821 -0.016218 8.312962 
45.099884 12.129520 -1.378494 -0.016996 8.306387 
45.199883 11.979542 -1.499789 -0.017733 8.300156 
45.299881 11.817583 -1.619585 -0.018427 8.294291 
45.399879 11.643807 -1.737761 -0.019075 8.288819 
45.499878 11.458387 -1.854199 -0.019673 8.283759 
45.599876 11.261509 -1.968783 -0.020221 8.279132 
45.699875 11.053370 -2.081398 -0.020715 8.274958 
45.799873 10.834176 -2.191931 -0.021154 8.271251 
45.899872 10.604149 -2.300273 -0.021535 8.268027 
45.999870 10.363518 -2.406315 -0.021858 8.265300 
46.099869 10.112523 -2.509950 -0.022121 8.263080 
46.199867 9.851416 -2.611075 -0.022322 8.261375 
46.299866 9.580457 -2.709589 -0.022462 8.260194 
46.399864 9.299917 -2.805393 -0.022540 8.259540 
46.499863 9.010078 -2.898393 -0.022554 8.259416 
46.599861 8.711229 -2.988493 -0.022506 8.259823 
46.699860 8.403668 -3.075606 -0.022396 8.260757 
46.799858 8.087704 -3.159642 -0.022223 8.262218 
46.899857 7.763652 -3.240519 -0.021988 8.264197 
46.999855 7.431836 -3.318156 -0.021694 8.266688 
47.099854 7.092589 -3.392474 -0.021340 8.269681 
47.199852 6.746249 -3.463400 -0.020927 8.273164 
47.299850 6.393162 -3.530863 -0.020459 8.277122 
47.399849 6.033683 -3.594794 -0.019936 8.281539 
47.499847 5.668169 -3.655131 -0.019361 8.286399 
47.599846 5.296988 -3.711813 -0.018736 8.291681 
47.699844 4.920510 -3.764783 -0.018063 8.297365 
47.799843 4.539111 -3.813988 -0.017346 8.303428 
47.899841 4.153173 -3.859379 -0.016586 8.309845 
47.999840 3.763083 -3.900911 -0.015788 8.316591 
48.099838 3.369228 -3.938541 -0.014954 8.323639 
48.199837 2.972005 -3.972234 -0.014087 8.330961 
48.299835 2.571810 -4.001954 -0.013192 8.338527 
48.399834 2.169042 -4.027672 -0.012271 8.346308 
48.499832 1.764106 -4.049362 -0.011329 8.354271 
48.599831 1.357406 -4.067003 -0.010369 8.362385 
48.699829 0.949348 -4.080577 -0.009394 8.370619 
48.799828 0.540341 -4.090071 -0.008410 8.378938 
48.899826 0.130794 -4.095474 -0.007419 8.387310 
48.999825 -0.278885 -4.096782 -0.006426 8.395701 
49.099823 -0.688284 -4.093993 -0.005435 8.404077 
49.199821 -1.096995 -4.087111 -0.004449 8.412406 
49.299820 -1.504609 -4.076140 -0.003473 8.420652 
49.399818 -1.910719 -4.061094 -0.002511 8.428785 
49.499817 -2.314917 -4.041987 -0.001565 8.436771 
49.599815 -2.716801 -4.018838 -0.000642 8.444579 
49.699814 -3.115968 -3.991670 0.000258 8.452177 
49.799812 -3.512019 -3.960510 0.001128 8.459535 
49.899811 -3.904558 -3.925390 0.001967 8.466622 
49.999809 -4.293193 -3.886344 0.002771 8.473412 
50.099808 -4.677534 -3.843412 0.003536 8.479876 
50.199806 -5.057198 -3.796637 0.004259 8.485989 
50.299805 -5.431804 -3.746065 0.004938 8.491727 
50.399803 -5.800979 -3.691747 0.005570 8.497066 
50.499802 -6.164352 -3.633737 0.006152 8.501986 
50.599800 -6.521562 -3.572094 0.006682 8.506465 
50.699799 -6.872250 -3.506878 0.007158 8.510488 
50.799797 -7.216065 -3.438156 0.007578 8.514037 
50.899796 -7.552665 -3.365995 0.007941 8.517098 
50.999794 -7.881711 -3.290468 0.008244 8.519659 
51.099792 -8.202877 -3.211651 0.008487 8.521711 
51.199791 -8.515840 -3.129622 0.008668 8.523244 
51.299789 -8.820286 -3.044464 0.008787 8.524252 
51.399788 -9.115911 -2.956261 0.008844 8.524732 
51.499786 -9.402422 -2.865102 0.008838 8.524681 
51.599785 -9.679530 -2.771078 0.008769 8.524101 
51.699783 -9.946959 -2.674282 0.008638 8.522992 
51.799782 -10.204440 -2.574813 0.008445 8.521360 
51.899780 -10.451717 -2.472768 0.008191 8.519212 
51.999779 -10.688542 -2.368251 0.007876 8.516554 
52.099777 -10.914679 -2.261366 0.007503 8.513398 
52.199776 -11.129900 -2.152219 0.007072 8.509757 
52.299774 -11.333992 -2.040920 0.006585 8.505646 
52.399773 -11.526750 -1.927580 0.006045 8.501080 
52.499771 -11.707981 -1.812312 0.005453 8.496079 
52.599770 -11.877504 -1.695233 0.004812 8.490663 
52.699768 -12.035151 -1.576458 0.004125 8.484852 
52.799767 -12.180761 -1.456106 0.003393 8.478670 
52.899765 -12.314191 -1.334298 0.002620 8.472141 
52.999763 -12.435307 -1.211156 0.001810 8.465293 
53.099762 -12.543987 -1.086803 0.000965 8.458152 
53.199760 -12.640123 -0.961364 0.000088 8.450746 
53.299759 -12.723619 -0.834962 -0.000816 8.443106 
53.399757 -12.794392 -0.707726 -0.001744 8.435261 
53.499756 -12.852370 -0.579782 -0.002693 8.427245 
53.599754 -12.897496 -0.451258 -0.003658 8.419087 
53.699753 -12.929725 -0.322284 -0.004636 8.410823 
53.799751 -12.949023 -0.192986 -0.005623 8.402482 
53.899750 -12.955373 -0.063496 -0.006615 8.394100 
53.999748 -12.948767 0.066058 -0.007608 8.385710 
54.099747 -12.929213 0.195545 -0.008598 8.377346 
54.199745 -12.896729 0.324838 -0.009581 8.369040 
54.299744 -12.851348 0.453805 -0.010553 8.360826 
54.399742 -12.793116 0.582318 -0.011510 8.352737 
54.499741 -12.722091 0.710249 -0.012449 8.344807 
54.599739 -12.638344 0.837470 -0.013365 8.337065 
54.699738 -12.541959 0.963854 -0.014255 8.329544 
54.799736 -12.433031 1.089273 -0.015116 8.322271 
54.899734 -12.311670 1.213604 -0.015943 8.315278 
54.999733 -12.177999 1.336720 -0.016734 8.308594 
55.099731 -12.032148 1.458501 -0.017486 8.302241 
55.199730 -11.874267 1.578822 -0.018195 8.296250 
55.299728 -11.704510 1.697565 -0.018859 8.290641 
55.399727 -11.523048 1.814610 -0.019475 8.285437 
55.499725 -11.330065 1.929840 -0.020040 8.280660 
55.599724 -11.125751 2.043141 -0.020553 8.276329 
55.699722 -10.910311 2.154398 -0.021011 8.272460 
55.799721 -10.683961 2.263502 -0.021412 8.269071 
55.899719 -10.446927 2.370341 -0.021755 8.266173 
55.999718 -10.199446 2.474811 -0.022038 8.263779 
56.099716 -9.941765 2.576805 -0.022261 8.261897 
56.199715 -9.674143 2.676223 -0.022422 8.260536 
56.299713 -9.396847 2.772964 -0.022520 8.259702 
56.399712 -9.110153 2.866933 -0.022557 8.259396 
56.499710 -8.814350 2.958034 -0.022530 8.259622 
56.599709 -8.509732 3.046178 -0.022441 8.260377 
56.699707 -8.196605 3.131275 -0.022289 8.261659 
56.799706 -7.875280 3.213241 -0.022075 8.263462 
56.899704 -7.546081 3.291994 -0.021801 8.265779 
56.999702 -7.209335 3.367455 -0.021467 8.268602 
57.099701 -6.865380 3.439548 -0.021075 8.271918 
57.199699 -6.514560 3.508202 -0.020625 8.275716 
57.299698 -6.157226 3.573348 -0.020121 8.279978 
57.399696 -5.793734 3.634920 -0.019563 8.284689 
57.499695 -5.424448 3.692857 -0.018955 8.289829 
57.599693 -5.049738 3.747102 -0.018298 8.295379 
57.699692 -4.669978 3.797599 -0.017596 8.301314 
57.799690 -4.285548 3.844299 -0.016850 8.307613 
57.899689 -3.896833 3.887154 -0.016065 8.314250 
57.999687 -3.504220 3.926123 -0.015243 8.321198 
58.099686 -3.108104 3.961165 -0.014387 8.328429 
58.199684 -2.708879 3.992246 -0.013501 8.335916 
58.299683 -2.306946 4.019335 -0.012589 8.343626 
58.399681 -1.902706 4.042404 -0.011653 8.351530 
58.499680 -1.496562 4.061431 -0.010699 8.359597 
58.599678 -1.088923 4.076397 -0.009728 8.367794 
58.699677 -0.680194 4.087286 -0.008747 8.376086 
58.799675 -0.270785 4.094088 -0.007758 8.384445 
58.899673 0.138894 4.096796 -0.006765 8.392834 
58.999672 0.548435 4.095407 -0.005773 8.401218 
59.099670 0.957427 4.089922 -0.004785 8.409566 
59.199669 1.365462 4.080348 -0.003805 8.417844 
59.299667 1.772131 4.066693 -0.002838 8.426020 
59.399666 2.177029 4.048972 -0.001886 8.434060 
59.499664 2.579749 4.027202 -0.000955 8.441932 
59.599663 2.979889 4.001404 -0.000047 8.449605 
59.699661 3.377050 3.971605 0.000834 8.457047 
59.799660 3.770833 3.937835 0.001684 8.464231 
59.899658 4.160846 3.900126 0.002500 8.471126 
59.999657 4.546698 3.858518 0.003278 8.477703 
60.099655 4.928003 3.813051 0.004017 8.483940 
60.199654 5.304380 3.763771 0.004711 8.489809 
60.299652 5.675453 3.710727 0.005359 8.495287 
60.399651 6.040851 3.653973 0.005959 8.500352 
60.499649 6.400207 3.593564 0.006507 8.504984 
60.599648 6.753163 3.529562 0.007002 8.509165 
60.699646 7.099366 3.462030 0.007441 8.512877 
60.799644 7.438470 3.391037 0.007823 8.516107 
60.899643 7.770135 3.316652 0.008147 8.518841 
60.999641 8.094030 3.238951 0.008410 8.521068 
61.099640 8.409831 3.158010 0.008613 8.522779 
61.199638 8.717222 3.073912 0.008753 8.523966 
61.299637 9.015896 2.986740 0.008832 8.524627 
61.399635 9.305554 2.896581 0.008847 8.524757 
61.499634 9.585907 2.803525 0.008800 8.524358 
61.599632 9.856673 2.707666 0.008690 8.523429 
61.699631 10.117583 2.609100 0.008518 8.521976 
61.799629 10.368376 2.507924 0.008284 8.520002 
61.899628 10.608800 2.404240 0.007990 8.517517 
61.999626 10.838615 2.298152 0.007637 8.514531 
62.099625 11.057592 2.189766 0.007225 8.511055 
62.199623 11.265512 2.079190 0.006758 8.507103 
62.299622 11.462165 1.966535 0.006236 8.502691 
62.399620 11.647356 1.851913 0.005661 8.497836 
62.499619 11.820900 1.735440 0.005037 8.492559 
62.599617 11.982623 1.617231 0.004365 8.486880 
62.699615 12.132363 1.497404 0.003648 8.480823 
62.799614 12.269972 1.376081 0.002889 8.474410 
62.899612 12.395310 1.253381 0.002091 8.467669 
62.999611 12.508253 1.129428 0.001257 8.460624 
63.099609 12.608687 1.004346 0.000391 8.453305 
63.199608 12.696513 0.878259 -0.000504 8.445742 
63.299606 12.771643 0.751294 -0.001424 8.437963 
63.399605 12.834001 0.623577 -0.002366 8.430003 
63.499603 12.883524 0.495237 -0.003327 8.421889 
63.599602 12.920164 0.366402 -0.004301 8.413657 
63.699600 12.943884 0.237200 -0.005285 8.405338 
63.799599 12.954660 0.107761 -0.006276 8.396968 
63.899597 12.952482 -0.021785 -0.007269 8.388577 
63.999596 12.937351 -0.151310 -0.008260 8.380200 
64.099594 12.909283 -0.280684 -0.009246 8.371871 
64.199593 12.868305 -0.409776 -0.010222 8.363623 
64.299591 12.814459 -0.538459 -0.011185 8.355487 
64.399590 12.747799 -0.666604 -0.012130 8.347500 
64.499588 12.668390 -0.794082 -0.013055 8.339689 
64.599586 12.576314 -0.920766 -0.013954 8.332088 
64.699585 12.471661 -1.046529 -0.014825 8.324728 
64.799583 12.354536 -1.171246 -0.015664 8.317636 
64.899582 12.225057 -1.294791 -0.016468 8.310843 
64.999580 12.083352 -1.417042 -0.017234 8.304374 
65.099579 11.929564 -1.537875 -0.017958 8.298256 
65.199577 11.763847 -1.657171 -0.018638 8.292513 
65.299576 11.586367 -1.774809 -0.019270 8.287169 
65.399574 11.397300 -1.890673 -0.019853 8.282245 
65.499573 11.196836 -2.004646 -0.020384 8.277759 
65.599571 10.985174 -2.116614 -0.020860 8.273730 
65.699570 10.762527 -2.226466 -0.021281 8.270175 
65.799568 10.529119 -2.334091 -0.021644 8.267108 
65.899567 10.285180 -2.439382 -0.021948 8.264540 
65.999565 10.030956 -2.542234 -0.022191 8.262482 
66.099564 9.766702 -2.642544 -0.022374 8.260942 
66.199562 9.492681 -2.740211 -0.022494 8.259927 
66.299561 9.209167 -2.835138 -0.022551 8.259440 
66.399559 8.916444 -2.927229 -0.022546 8.259484 
66.499557 8.614804 -3.016394 -0.022478 8.260058 
66.599556 8.304550 -3.102542 -0.022348 8.261160 
66.699554 7.985991 -3.185587 -0.022155 8.262786 
66.799553 7.659447 -3.265447 -0.021902 8.264929 
66.899551 7.325243 -3.342041 -0.021588 8.267580 
66.999550 6.983713 -3.415294 -0.021215 8.270729 
67.099548 6.635200 -3.485131 -0.020785 8.274364 
67.199547 6.280052 -3.551483 -0.020300 8.278468 
67.299545 5.918623 -3.614283 -0.019760 8.283028 
67.399544 5.551277 -3.673470 -0.019169 8.288023 
67.499542 5.178379 -3.728982 -0.018528 8.293434 
67.599541 4.800302 -3.780766 -0.017841 8.299241 
67.699539 4.417425 -3.828769 -0.017110 8.305418 
67.799538 4.030131 -3.872943 -0.016338 8.311942 
67.899536 3.638806 -3.913244 -0.015528 8.318787 
67.999535 3.243843 -3.949633 -0.014683 8.325925 
68.099533 2.845636 -3.982071 -0.013807 8.333327 
68.199532 2.444583 -4.010528 -0.012903 8.340965 
68.299530 2.041086 -4.034974 -0.011975 8.348807 
68.399529 1.635547 -4.055385 -0.011027 8.356823 
68.499527 1.228373 -4.071740 -0.010062 8.364979 
68.599525 0.819971 -4.084024 -0.009084 8.373243 
68.699524 0.410748 -4.092224 -0.008097 8.381583 
68.799522 0.001115 -4.096331 -0.007105 8.389964 
68.899521 -0.408519 -4.096342 -0.006112 8.398354 
68.999519 -0.817745 -4.092257 -0.005122 8.406719 
69.099518 -1.226153 -4.084080 -0.004139 8.415026 
69.199516 -1.633334 -4.071818 -0.003167 8.423242 
69.299515 -2.038883 -4.055485 -0.002209 8.431331 
69.399513 -2.442393 -4.035096 -0.001270 8.439264 
69.499512 -2.843460 -4.010672 -0.000354 8.447008 
69.599510 -3.241683 -3.982238 0.000537 8.454534 
69.699509 -3.636666 -3.949821 0.001398 8.461809 
69.799507 -4.028011 -3.913454 0.002226 8.468805 
69.899506 -4.415328 -3.873174 0.003017 8.475494 
69.999504 -4.798230 -3.829021 0.003769 8.481851 
70.099503 -5.176334 -3.781039 0.004479 8.487848 
70.199501 -5.549262 -3.729275 0.005143 8.493462 
70.299500 -5.916640 -3.673783 0.005760 8.498671 
70.399498 -6.278101 -3.614616 0.006326 8.503453 
70.499496 -6.633285 -3.551835 0.006839 8.507790 
70.599495 -6.981835 -3.485502 0.007298 8.511664 
70.699493 -7.323404 -3.415684 0.007699 8.515060 
70.799492 -7.657649 -3.342450 0.008043 8.517965 
70.899490 -7.984236 -3.265873 0.008327 8.520366 
70.999489 -8.302839 -3.186031 0.008551 8.522254 
71.099487 -8.613139 -3.103003 0.008713 8.523622 
71.199486 -8.914826 -3.016871 0.008812 8.524464 
71.299484 -9.207599 -2.927723 0.008849 8.524776 
71.399483 -9.491163 -2.835647 0.008823 8.524556 
71.499481 -9.765237 -2.740736 0.008735 8.523808 
71.599480 -10.029545 -2.643083 0.008584 8.522532 
71.699478 -10.283824 -2.542788 0.008371 8.520736 
71.799477 -10.527819 -2.439949 0.008098 8.518425 
71.899475 -10.761286 -2.334671 0.007764 8.515608 
71.999474 -10.983992 -2.227058 0.007373 8.512298 
72.099472 -11.195713 -2.117218 0.006924 8.508506 
72.199471 -11.396239 -2.005261 0.006420 8.504250 
72.299469 -11.585369 -1.891299 0.005863 8.499544 
72.399467 -11.762914 -1.775445 0.005256 8.494410 
72.499466 -11.928696 -1.657816 0.004600 8.488866 
72.599464 -12.082548 -1.538529 0.003898 8.482934 
72.699463 -12.224319 -1.417703 0.003153 8.476640 
72.799461 -12.353865 -1.295460 0.002368 8.470007 
72.899460 -12.471057 -1.171922 0.001546 8.463063 
72.999458 -12.575778 -1.047211 0.000691 8.455835 
73.099457 -12.667923 -0.921453 -0.000195 8.448352 
73.199455 -12.747400 -0.794774 -0.001107 8.440643 
73.299454 -12.814130 -0.667300 -0.002042 8.432741 
73.399452 -12.868046 -0.539159 -0.002997 8.424676 
73.499451 -12.909094 -0.410478 -0.003967 8.416482 
73.599449 -12.937233 -0.281387 -0.004948 8.408190 
73.699448 -12.952435 -0.152015 -0.005937 8.399833 
73.799446 -12.954683 -0.022491 -0.006930 8.391444 
73.899445 -12.943977 0.107056 -0.007922 8.383059 
73.999443 -12.920328 0.236496 -0.008910 8.374709 
74.099442 -12.883759 0.365699 -0.009890 8.366430 
74.199440 -12.834305 0.494537 -0.010858 8.358253 
74.299438 -12.772017 0.622880 -0.011809 8.350210 
74.399437 -12.696957 0.750600 -0.012741 8.342336 
74.499435 -12.609200 0.877570 -0.013650 8.334661 
74.599434 -12.508833 1.003662 -0.014531 8.327213 
74.699432 -12.395958 1.128750 -0.015381 8.320027 
74.799431 -12.270687 1.252710 -0.016198 8.313128 
74.899429 -12.133145 1.375417 -0.016977 8.306546 
74.999428 -11.983471 1.496748 -0.017715 8.300306 
75.099426 -11.821813 1.616583 -0.018410 8.294433 
75.199425 -11.648333 1.734801 -0.019059 8.288950 
75.299423 -11.463204 1.851284 -0.019659 8.283879 
75.399422 -11.266613 1.965916 -0.020208 8.279242 
75.499420 -11.058755 2.078582 -0.020704 8.275055 
75.599419 -10.839838 2.189170 -0.021144 8.271337 
75.699417 -10.610081 2.297568 -0.021527 8.268101 
75.799416 -10.369714 2.403669 -0.021851 8.265361 
75.899414 -10.118978 2.507366 -0.022115 8.263128 
75.999413 -9.858122 2.608556 -0.022318 8.261411 
76.099411 -9.587408 2.707137 -0.022460 8.260216 
76.199409 -9.307107 2.803011 -0.022539 8.259548 
76.299408 -9.017499 2.896082 -0.022555 8.259411 
76.399406 -8.718873 2.986257 -0.022508 8.259804 
76.499405 -8.411529 3.073446 -0.022399 8.260726 
76.599403 -8.095773 3.157561 -0.022228 8.262174 
76.699402 -7.771921 3.238519 -0.021995 8.264140 
76.799400 -7.440297 3.316238 -0.021702 8.266619 
76.899399 -7.101233 3.390641 -0.021349 8.269599 
76.999397 -6.755067 3.461653 -0.020939 8.273069 
77.099396 -6.402147 3.529204 -0.020472 8.277015 
77.199394 -6.042824 3.593225 -0.019950 8.281421 
77.299393 -5.677459 3.653654 -0.019376 8.286269 
77.399391 -5.306416 3.710428 -0.018753 8.291541 
77.499390 -4.930067 3.763492 -0.018081 8.297215 
77.599388 -4.548787 3.812793 -0.017365 8.303268 
77.699387 -4.162959 3.858281 -0.016606 8.309677 
77.799385 -3.772968 3.899910 -0.015809 8.316415 
77.899384 -3.379204 3.937640 -0.014976 8.323456 
77.999382 -2.982061 3.971432 -0.014110 8.330771 
78.099380 -2.581936 4.001253 -0.013215 8.338331 
78.199379 -2.179229 4.027072 -0.012295 8.346107 
78.299377 -1.774342 4.048864 -0.011353 8.354066 
78.399376 -1.367681 4.066608 -0.010393 8.362178 
78.499374 -0.959653 4.080285 -0.009419 8.370408 
78.599373 -0.550665 4.089881 -0.008435 8.378725 
78.699371 -0.141126 4.095387 -0.007444 8.387095 
78.799370 0.268554 4.096799 -0.006451 8.395487 
78.899368 0.677965 4.094113 -0.005460 8.403864 
78.999367 1.086699 4.087334 -0.004474 8.412194 
79.099365 1.494345 4.076467 -0.003498 8.420444 
79.199364 1.900498 4.061523 -0.002535 8.428579 
79.299362 2.304749 4.042518 -0.001589 8.436570 
79.399361 2.706697 4.019471 -0.000665 8.444383 
79.499359 3.105937 3.992404 0.000235 8.451986 
79.599358 3.502071 3.961344 0.001107 8.459351 
79.699356 3.894704 3.926324 0.001946 8.466445 
79.799355 4.283442 3.887377 0.002751 8.473242 
79.899353 4.667896 3.844542 0.003517 8.479714 
79.999352 5.047682 3.797863 0.004241 8.485837 
80.099350 5.422421 3.747386 0.004921 8.491584 
80.199348 5.791737 3.693162 0.005554 8.496934 
80.299347 6.155262 3.635245 0.006138 8.501863 
80.399345 6.512631 3.573692 0.006669 8.506355 
80.499344 6.863488 3.508566 0.007147 8.510389 
80.599342 7.207481 3.439931 0.007568 8.513950 
80.699341 7.544267 3.367856 0.007932 8.517024 
80.799339 7.873508 3.292413 0.008237 8.519599 
80.899338 8.194876 3.213678 0.008481 8.521663 
80.999336 8.508049 3.131729 0.008664 8.523210 
81.099335 8.812714 3.046649 0.008785 8.524231 
81.199333 9.108566 2.958522 0.008843 8.524725 
81.299332 9.395309 2.867436 0.008839 8.524687 
81.399330 9.672658 2.773483 0.008772 8.524119 
81.499329 9.940333 2.676756 0.008642 8.523024 
81.599327 10.198069 2.577353 0.008450 8.521404 
81.699326 10.445606 2.475372 0.008198 8.519269 
81.799324 10.682698 2.370916 0.007885 8.516624 
81.899323 10.909107 2.264089 0.007513 8.513481 
81.999321 11.124607 2.154998 0.007083 8.509853 
82.099319 11.328982 2.043752 0.006598 8.505754 
82.199318 11.522029 1.930462 0.006059 8.501200 
82.299316 11.703553 1.815242 0.005469 8.496210 
82.399315 11.873374 1.698207 0.004829 8.490804 
82.499313 12.031322 1.579473 0.004142 8.485003 
82.599312 12.177238 1.459160 0.003412 8.478829 
82.699310 12.310976 1.337387 0.002640 8.472309 
82.799309 12.432404 1.214278 0.001831 8.465468 
82.899307 12.541399 1.089953 0.000986 8.458334 
82.999306 12.637853 0.964539 0.000111 8.450934 
83.099304 12.721669 0.838161 -0.000793 8.443300 
83.199303 12.792764 0.710944 -0.001721 8.435461 
83.299301 12.851066 0.583017 -0.002669 8.427448 
83.399300 12.896516 0.454506 -0.003634 8.419294 
83.499298 12.929070 0.325541 -0.004612 8.411031 
83.599297 12.948694 0.196250 -0.005599 8.402691 
83.699295 12.955371 0.066763 -0.006590 8.394311 
83.799294 12.949092 -0.062791 -0.007583 8.385921 
83.899292 12.929864 -0.192282 -0.008573 8.377555 
83.999290 12.897706 -0.321580 -0.009556 8.369248 
84.099289 12.852651 -0.450557 -0.010529 8.361032 
84.199287 12.794743 -0.579084 -0.011486 8.352941 
84.299286 12.724039 -0.707031 -0.012425 8.345005 
84.399284 12.640612 -0.834272 -0.013342 8.337258 
84.499283 12.544544 -0.960678 -0.014233 8.329731 
84.599281 12.435932 -1.086123 -0.015094 8.322453 
84.699280 12.314884 -1.210483 -0.015923 8.315453 
84.799278 12.181521 -1.333631 -0.016715 8.308760 
84.899277 12.035976 -1.455447 -0.017468 8.302399 
84.999275 11.878396 -1.575806 -0.018178 8.296397 
85.099274 11.708937 -1.694590 -0.018843 8.290778 
85.199272 11.527769 -1.811680 -0.019460 8.285564 
85.299271 11.335073 -1.926957 -0.020026 8.280777 
85.399269 11.131042 -2.040308 -0.020540 8.276434 
85.499268 10.915880 -2.151618 -0.021000 8.272553 
85.599266 10.689802 -2.260777 -0.021402 8.269151 
85.699265 10.453034 -2.367675 -0.021747 8.266240 
85.799263 10.205813 -2.472206 -0.022032 8.263832 
85.899261 9.948387 -2.574264 -0.022256 8.261937 
85.999260 9.681012 -2.673748 -0.022418 8.260564 
86.099258 9.403956 -2.770558 -0.022519 8.259715 
86.199257 9.117496 -2.864598 -0.022557 8.259397 
86.299255 8.821919 -2.955773 -0.022531 8.259609 
86.399254 8.517520 -3.043992 -0.022444 8.260350 
86.499252 8.204603 -3.129167 -0.022294 8.261619 
86.599251 7.883482 -3.211213 -0.022082 8.263410 
86.699249 7.554477 -3.290048 -0.021809 8.265714 
86.799248 7.217918 -3.365593 -0.021476 8.268524 
86.899246 6.874141 -3.437772 -0.021085 8.271828 
86.999245 6.523489 -3.506513 -0.020638 8.275613 
87.099243 6.166315 -3.571748 -0.020134 8.279863 
87.199242 5.802973 -3.633411 -0.019578 8.284563 
87.299240 5.433829 -3.691441 -0.018971 8.289693 
87.399239 5.059251 -3.745779 -0.018316 8.295232 
87.499237 4.679614 -3.796371 -0.017614 8.301158 
87.599236 4.295297 -3.843168 -0.016870 8.307447 
87.699234 3.906685 -3.886121 -0.016086 8.314075 
87.799232 3.514166 -3.925187 -0.015264 8.321016 
87.899231 3.118134 -3.960329 -0.014409 8.328241 
87.999229 2.718982 -3.991510 -0.013524 8.335721 
88.099228 2.317112 -4.018700 -0.012612 8.343426 
88.199226 1.912925 -4.041871 -0.011677 8.351325 
88.299225 1.506825 -4.061000 -0.010723 8.359388 
88.399223 1.099218 -4.076068 -0.009754 8.367580 
88.499222 0.690512 -4.087060 -0.008773 8.375872 
88.599220 0.281116 -4.093966 -0.007784 8.384228 
88.699219 -0.128562 -4.096776 -0.006791 8.392615 
88.799217 -0.538111 -4.095491 -0.005799 8.401001 
88.899216 -0.947122 -4.090110 -0.004810 8.409351 
88.999214 -1.355186 -4.080638 -0.003831 8.417631 
89.099213 -1.761894 -4.067087 -0.002863 8.425811 
89.199211 -2.166841 -4.049468 -0.001911 8.433854 
89.299210 -2.569621 -4.027799 -0.000979 8.441730 
89.399208 -2.969831 -4.002103 -0.000070 8.449409 
89.499207 -3.367072 -3.972404 0.000812 8.456858 
89.599205 -3.760945 -3.938734 0.001662 8.464047 
89.699203 -4.151058 -3.901124 0.002479 8.470950 
89.799202 -4.537019 -3.859614 0.003259 8.477537 
89.899200 -4.918444 -3.814244 0.003998 8.483782 
89.999199 -5.294950 -3.765059 0.004694 8.489661 
90.099197 -5.666161 -3.712110 0.005343 8.495150 
90.199196 -6.031705 -3.655448 0.005944 8.500225 
90.299194 -6.391219 -3.595131 0.006493 8.504869 
90.399193 -6.744340 -3.531219 0.006989 8.509061 
90.499191 -7.090718 -3.463776 0.007430 8.512786 
90.599190 -7.430005 -3.392869 0.007814 8.516027 
90.699188 -7.761861 -3.318569 0.008139 8.518774 
90.799187 -8.085957 -3.240950 0.008404 8.521013 
90.899185 -8.401966 -3.160090 0.008608 8.522738 
90.999184 -8.709573 -3.076071 0.008750 8.523939 
91.099182 -9.008471 -2.988975 0.008830 8.524613 
91.199181 -9.298360 -2.898890 0.008847 8.524757 
91.299179 -9.578951 -2.805907 0.008801 8.524371 
91.399178 -9.849962 -2.710117 0.008693 8.523456 
91.499176 -10.111124 -2.611618 0.008523 8.522016 
91.599174 -10.362175 -2.510507 0.008291 8.520056 
91.699173 -10.602863 -2.406885 0.007998 8.517583 
91.799171 -10.832949 -2.300856 0.007646 8.514609 
91.899170 -11.052201 -2.192527 0.007236 8.511145 
91.999168 -11.260402 -2.082005 0.006770 8.507204 
92.099167 -11.457342 -1.969401 0.006249 8.502804 
92.199165 -11.642825 -1.854827 0.005676 8.497961 
92.299164 -11.816665 -1.738399 0.005053 8.492694 
92.399162 -11.978688 -1.620232 0.004382 8.487025 
92.499161 -12.128733 -1.500446 0.003666 8.480976 
92.599159 -12.266648 -1.379158 0.002908 8.474572 
92.699158 -12.392298 -1.256492 0.002111 8.467838 
92.799156 -12.505554 -1.132569 0.001278 8.460800 
92.899155 -12.606305 -1.007513 0.000413 8.453488 
92.999153 -12.694450 -0.881450 -0.000482 8.445930 
93.099152 -12.769901 -0.754506 -0.001401 8.438159 
93.199150 -12.832582 -0.626807 -0.002343 8.430201 
93.299149 -12.882430 -0.498481 -0.003303 8.422092 
93.399147 -12.919395 -0.369657 -0.004277 8.413862 
93.499146 -12.943441 -0.240463 -0.005261 8.405545 
93.599144 -12.954544 -0.111028 -0.006251 8.397175 
93.699142 -12.952692 0.018517 -0.007245 8.388783 
93.799141 -12.937887 0.148044 -0.008236 8.380404 
93.899139 -12.910145 0.277423 -0.009222 8.372074 
93.999138 -12.869493 0.406524 -0.010198 8.363823 
94.099136 -12.815970 0.535219 -0.011161 8.355685 
94.199135 -12.749633 0.663379 -0.012107 8.347692 
94.299133 -12.670546 0.790875 -0.013032 8.339878 
94.399132 -12.578788 0.917581 -0.013932 8.332273 
94.499130 -12.474451 1.043369 -0.014804 8.324905 
94.599129 -12.357639 1.168113 -0.015644 8.317807 
94.699127 -12.228471 1.291690 -0.016449 8.311007 
94.799126 -12.087073 1.413975 -0.017215 8.304529 
94.899124 -11.933589 1.534845 -0.017940 8.298403 
94.999123 -11.768171 1.654181 -0.018621 8.292650 
95.099121 -11.590985 1.771863 -0.019255 8.287296 
95.199120 -11.402208 1.887773 -0.019839 8.282361 
95.299118 -11.202029 2.001795 -0.020371 8.277864 
95.399117 -10.990647 2.113815 -0.020849 8.273824 
95.499115 -10.768275 2.223722 -0.021271 8.270256 
95.599113 -10.535135 2.331404 -0.021636 8.267177 
95.699112 -10.291460 2.436756 -0.021941 8.264597 
95.799110 -10.037493 2.539670 -0.022186 8.262526 
95.899109 -9.773488 2.640045 -0.022370 8.260973 
95.999107 -9.499710 2.737780 -0.022492 8.259945 
96.099106 -9.216433 2.832777 -0.022551 8.259445 
96.199104 -8.923939 2.924942 -0.022547 8.259476 
96.299103 -8.622520 3.014181 -0.022481 8.260036 
96.399101 -8.312480 3.100406 -0.022352 8.261126 
96.499100 -7.994127 3.183531 -0.022161 8.262738 
96.599098 -7.667779 3.263472 -0.021909 8.264868 
96.699097 -7.333765 3.340150 -0.021597 8.267507 
96.799095 -6.992416 3.413488 -0.021226 8.270643 
96.899094 -6.644075 3.483412 -0.020797 8.274265 
96.999092 -6.289090 3.549853 -0.020312 8.278359 
97.099091 -5.927815 3.612744 -0.019774 8.282908 
97.199089 -5.560613 3.672022 -0.019184 8.287893 
97.299088 -5.187850 3.727628 -0.018545 8.293295 
97.399086 -4.809900 3.779506 -0.017859 8.299091 
97.499084 -4.427139 3.827605 -0.017129 8.305260 
97.599083 -4.039952 3.871877 -0.016358 8.311776 
97.699081 -3.648724 3.912277 -0.015549 8.318613 
97.799080 -3.253848 3.948764 -0.014705 8.325745 
97.899078 -2.855717 3.981302 -0.013830 8.333140 
97.999077 -2.454731 4.009860 -0.012926 8.340773 
98.099075 -2.051291 4.034407 -0.011999 8.348608 
98.199074 -1.645799 4.054920 -0.011051 8.356620 
98.299072 -1.238661 4.071378 -0.010086 8.364773 
98.399071 -0.830285 4.083765 -0.009108 8.373035 
98.499069 -0.421078 4.092067 -0.008122 8.381372 
98.599068 -0.011450 4.096278 -0.007130 8.389754 
98.699066 0.398189 4.096393 -0.006137 8.398144 
98.799065 0.807430 4.092411 -0.005147 8.406509 
98.899063 1.215864 4.084336 -0.004164 8.414818 
98.999062 1.623082 4.072177 -0.003191 8.423034 
99.099060 2.028676 4.055947 -0.002233 8.431129 
99.199059 2.432242 4.035660 -0.001294 8.439067 
99.299057 2.833376 4.011338 -0.000377 8.446816 
99.399055 3.231677 3.983004 0.000515 8.454348 
99.499054 3.626745 3.950687 0.001376 8.461630 
99.599052 4.018187 3.914420 0.002205 8.468633 
99.699051 4.405611 3.874238 0.002998 8.475330 
99.799049 4.788629 3.830182 0.003751 8.481695 
99.899048 5.166859 3.782295 0.004462 8.487701 
99.999046 5.539921 3.730627 0.005127 8.493324 
